# body name | body mass  | body initial position                                                  | body initial velocity
Sun         | 1.98850e30 |  0                    ,  0                    ,  0                     |  0                    ,  0                    ,  0
Mercury     | 3.30200e23 |  5.730179596684632e+10,  1.963896752587016e+09,  5.419067287782932e+09 | -1.179887526570544e+04, -4.658790342868276e+04, -2.723341954246109e+03
Venus       | 4.86850e24 | -9.461236455310342E+10, -5.195738630550849E+10,  4.749694237268595E+09 |  1.661322236929005E+04, -3.085896143435465E+04, -1.381114621532825E+03
Earth       | 5.97219e24 | -1.475654269912232e+11,  1.834094260790413e+10, -1.722888842355460e+05 | -4.154357604004312e+03, -2.966201842317353e+04,  1.428148428086473e+00
Mars        | 6.41710e23 | -8.093700196992984e+10,  2.274001268864115e+11,  6.753010022585735e+09 | -2.190933345709028e+04, -6.064656802680744e+03,  4.111465307547020e+02
Jupiter     | 1.89813e27 | -6.226357063508490e+11, -5.214416129352365e+11,  1.609756479452977e+10 |  8.233196549213446e+03, -9.411650029685317e+03, -1.452078193847761e+02
Saturn      | 5.68340e26 | -8.661424996857733e+11,  1.053898444399574e+12,  1.611990954544801e+10 | -7.973957628120891e+03, -6.162497267216374e+03,  4.242410162788619e+02
Uranus      | 8.68130e25 |  2.835728348733750e+12, -9.890921701658320e+11, -4.040308090175915e+10 |  2.197817538757270e+03,  6.102718264952510e+03, -5.740641252549139e+00
Neptune     | 1.02413e26 |  3.310786349994725e+12, -3.042381488953103e+12, -1.365155036716580e+10 |  3.646406986816022e+03,  4.023697057288455e+03, -1.667306778355837e+02
Pluto/Charon| 1.46000e22 | -4.212570548691280e+11, -4.590371932999210e+12,  6.128668103537770e+11 |  5.518566560696230e+03, -1.496545240845750e+03, -1.435951202454890e+03
